388919
432843
362849
402045
432792
351549
432788
349561
398390
432785
357694
350509
416096
432784
362860
349785
432782
362858
350510
394759
357704
339168
308046
431775
431875
357718
322949
362974
374497
415831
326523
326525
362986
414366
300946
321266
349590
364674
349820
362989
374470
416010
362991
374462
229343
250625
272676
305607
357854
374642
398340
437705
291895
334182
349605
296409
349889
362950
374493
399905
260245
280657
306766
350351
398263
295949
313581
340534
322532
349339
363024
398266
362974
374497
415830
305602
331729
358501
424748
306751
337518
297291
280549
